n <- 14
obs <- c(1, 1, 0, 1, 1, 1, 1, 0, 1, 1, 1, 0, 0, 1)
m <- 5
