n <- 10
obs <- c(379, 670,  59, 678, 422, 851, 499, 369, 302, 828)
